12.2	
59.1	313.0	
87.7	40.6	5083.8	
699.4	1867.9	133.7	125.3	
199.5	2321.3	827.8	387.6	195.1	
288.3	51.9	230.9	3638.7	102.4	2965.3	
677.9	391.2	446.5	464.8	433.6	40.8	393.8	
32.0	1228.7	2156.8	527.7	574.8	1889.6	144.6	35.6	
39.5	105.4	146.0	16.8	96.0	48.5	23.4	11.8	38.1	
33.8	124.9	11.6	8.7	446.5	235.4	26.8	4.3	46.1	1657.9	
78.3	4666.4	1930.8	78.3	89.2	2571.2	1870.9	193.4	96.9	125.7	37.6	
197.1	112.1	41.4	33.1	288.5	341.8	33.3	11.8	54.5	2493.4	1389.6	220.1	
59.3	26.1	13.4	15.9	1540.1	10.7	30.7	10.1	87.2	354.4	1585.8	9.0	183.4	
505.8	89.4	18.7	43.6	124.9	223.1	39.4	11.8	185.1	63.1	347.7	49.8	19.2	82.1	
2443.9	269.6	2505.4	142.1	3029.8	246.9	156.7	709.0	277.0	75.6	584.9	209.3	32.9	790.5	1154.5	
1646.2	173.4	1373.3	66.1	516.8	128.5	230.0	65.5	77.1	1227.2	62.9	648.5	1143.5	29.8	322.8	2042.5	
30.0	257.8	19.9	35.0	562.6	24.6	57.2	92.6	58.5	21.1	218.2	15.9	70.5	558.3	18.5	102.6	22.0	
27.9	137.0	316.2	272.1	1571.2	179.1	79.2	20.6	4117.5	35.8	82.0	84.2	41.1	2360.2	15.8	501.9	64.6	296.3	
1143.8	62.0	27.6	18.5	722.2	50.2	103.8	72.6	22.8	6006.5	661.7	66.2	465.7	180.6	75.5	61.2	583.7	10.8	37.3	

0.07951	0.056001	0.040459	0.03322	0.009051	0.037505	0.049675	0.080233	0.02188	0.080496	0.107512	0.049324	0.020776	0.047731	0.039916	0.07382	0.053615	0.016705	0.03079	0.071781	
